##TITLE=Parameter List, ParaVision 360 V3.4
##JCAMPDX=4.24
##DATATYPE=Parameter Values
##ORIGIN=Bruker BioSpin MRI GmbH
##OWNER=pciuser
$$ Write Options: Symbolic Enums
$$ 2023-07-25 10:21:23.753 +0200  pciuser@czc1517b9t
$$ /opt/nmrdata/PV-360.3.4/data/pciuser/20230725_101641_Eppendorf_Difussion_scaffold_d2o_1_1/1/FreqAdjustment/1/Results
$$ process /opt/PV-360.3.4/prog/bin/parxserver
##$NChan=( 2 )
1 3
##$Nexc=3
##$FreqRes=5.92574332524272
##$FreqAdjRange=141747.572815534
##$FreqOffsList=( 3 )
-46601.9417475728 0 46601.9417475728
##$AcqSize=8192
##$ExcPulse1=(0.05, 25600, 90, No, 3, 1280, 1, 1, 0, 50, 0.01, <bp.exc>)
##$FreqAdjCounter=0
##$OFrq=( 3, 1 )
-7608.98439737304 -2234.11230364468 5060.81598397516
##$WOFrq=( 3 )
-7608.98439737304 -2234.11230364468 5060.81598397516
##$Peak=( 3, 1 )
9719.87284763337 82856.2584130328 10600.6406510688
##$Noise=( 3, 1 )
1730.21895009435 1837.71458945497 1964.29271891138
##$PWidth=( 2, 3, 1 )
11.6946064904338 537.653340666187 9.24440887102481 11.5691002765292 
2788.17544639492 19.8490525420759
##$PVM_Nucleus1=( 8 )
<1H>
##$PVM_FrqAdj1H=127.642234112304
##$PVM_FrqRefPpm=( 8 )
4.7 0 0 0 0 0 0 0
##$PVM_FrqWorkPpm=( 8 )
4.7 0 0 0 0 0 0 0
##$Method=<Bruker:AdjSf>
##$PVM_GeoObj=( 1, 65 )
<PVM_AtsRefGeoObj>
##$PVM_StudyInstrumentPosition=Head_Supine
##$PVM_ExportHandler=( 2 )
(<BRUKER_PARIMPORT_SLICEGEO>, <>, <Slice Geometry>) (<BRUKER_PARIMPORT_FOVSAT>
, <>, <FOV Saturation>)
##$PVM_AtsBedPositionMode=ATS_POS_REFERENCE
##$PVM_AtsChangeRefPos=No
##$PVM_AtsRefGeoObj=(<BRUKER_REFPOS>, GeoPlanarId, Standard_GobjShape, 
<PVM_AtsRefGeoCub>, <>, 0, <D1;first> <D2;second> <S;slice>, No, -5)
##$PVM_AtsRefGeoCub=( 1 )
(((1 0 0 0 1 0 0 0 1, 0 0 0, 0 0 0), 50 50 0.25, <+D1;first> <+D2;second> 
<+S;slice>, 0), 1, 1, 1, 0.25, 0, No)
##$PVM_AtsRefPosTransferred=Yes
##$PVM_GradCalConst=19585.2
##$PVM_Nucleus1Enum=<1H>
##$PVM_RefPowMod1=AutoAdj
##$PVM_RefPowStat1=( 1024 )
<not adjusted>
##$PVM_Nucleus2Enum=<13C>
##$PVM_Nucleus3Enum=<1H>
##$PVM_Nucleus4Enum=<1H>
##$PVM_Nucleus5Enum=<1H>
##$PVM_Nucleus6Enum=<1H>
##$PVM_Nucleus7Enum=<1H>
##$PVM_Nucleus8Enum=<1H>
##$PVM_FrqRef=( 8 )
127.64 0 0 0 0 0 0 0
##$PVM_FrqWorkOffset=( 8 )
0 0 0 0 0 0 0 0
##$PVM_FrqWork=( 8 )
127.64 0 0 0 0 0 0 0
##$PVM_FrqWorkOffsetPpm=( 8 )
0 0 0 0 0 0 0 0
##$PVM_NucleiPpmWork=( 20 )
(<1H>, 4.7) (<none>, 0) (<none>, 0) (<none>, 0) (<none>, 0) (<none>, 0) 
(<none>, 0) (<none>, 0) (<none>, 0) (<none>, 0) (<none>, 0) (<none>, 0) 
(<none>, 0) (<none>, 0) (<none>, 0) (<none>, 0) (<none>, 0) (<none>, 0) 
(<none>, 0) (<none>, 0)
##$PVM_RepetitionTime=300
##$ExcPulse1Enum=<bp>
##$ExcPulse1Ampl=(0.01, 0.707106781186548, 20)
##$RfPulseDur=0.05
##$PVM_AcquisitionTime=168.7552
##$PVM_EffSWh=48543.6893203884
##$PVM_MbEncNBands=1
##$PVM_MbEncAccelFactor=1
##$PVM_MbEncBlipFactor=1
##$PVM_EncGen3D=Yes
##$PVM_EncGen4D=Yes
##$PVM_EncGenPpi=No
##$PVM_EncGenCaipirinha=No
##$PVM_EncGenTCaipirinha=No
##$PVM_EncVirtualCoils=No
##$PVM_EncCS=No
##$PVM_EncCSUndersampling=100
##$PVM_EncCSCenterRatio=10
##$PVM_EncCSNumRef=( 2 )
160 160
##$PVM_EncCSGradOpt=No
##$PVM_EncCSEllipse=No
##$PVM_EncPftAlgorithm=Zerofilling
##$PVM_EncPpiRefScan=No
##$PVM_IsEpiScan=No
##$PVM_IsotropicFovRes=Isot_Fov
##$PVM_Matrix=( 2 )
256 256
##$PVM_MinMatrix=( 2 )
32 32
##$PVM_MaxMatrix=( 2 )
2048 2048
##$PVM_DefMatrix=( 3 )
128 128 64
##$PVM_AntiAlias=( 1 )
1
##$PVM_MaxAntiAlias=( 2 )
2 8
##$PVM_EncSpectroscopy=Yes
##$PVM_EncUseMultiRec=No
##$PVM_EncActReceivers=( 1 )
On
##$PVM_EncZf=( 2 )
1.6 1.6
##$PVM_EncPft=( 2 )
1 1
##$PVM_EncPftOverscans=( 2 )
80 80
##$PVM_EncPpi=( 2 )
1 1
##$PVM_EncPpiRefLines=( 2 )
0 0
##$PVM_EncPpiGopRefLines=( 3 )
32 24 24
##$PVM_EncOrder=( 2 )
LINEAR_ENC LINEAR_ENC
##$PVM_EncStart=( 2 )
0 -1
##$PVM_EncNReceivers=1
##$PVM_EncAvailReceivers=3
##$PVM_EncChanScaling=( 1 )
0.993
##$PVM_EncChanPhase=( 1 )
288.079
##$PVM_EncMatrix=( 2 )
160 160
##$PVM_EncTotalAccel=1.6
##$PVM_EncSteps0=( 1 )
0
##$PVM_EncSteps1=( 160 )
-80 -79 -78 -77 -76 -75 -74 -73 -72 -71 -70 -69 -68 -67 -66 -65 -64 -63 -62 
-61 -60 -59 -58 -57 -56 -55 -54 -53 -52 -51 -50 -49 -48 -47 -46 -45 -44 -43 
-42 -41 -40 -39 -38 -37 -36 -35 -34 -33 -32 -31 -30 -29 -28 -27 -26 -25 -24 
-23 -22 -21 -20 -19 -18 -17 -16 -15 -14 -13 -12 -11 -10 -9 -8 -7 -6 -5 -4 -3 
-2 -1 0 1 2 3 4 5 6 7 8 9 10 11 12 13 14 15 16 17 18 19 20 21 22 23 24 25 26 
27 28 29 30 31 32 33 34 35 36 37 38 39 40 41 42 43 44 45 46 47 48 49 50 51 52 
53 54 55 56 57 58 59 60 61 62 63 64 65 66 67 68 69 70 71 72 73 74 75 76 77 78 
79
##$PVM_EncSteps2=( 1 )
0
##$PVM_EncCentralStep1=1
##$PVM_EncValues1=( 160 )
-0.625 -0.6171875 -0.609375 -0.6015625 -0.59375 -0.5859375 -0.578125 
-0.5703125 -0.5625 -0.5546875 -0.546875 -0.5390625 -0.53125 -0.5234375 
-0.515625 -0.5078125 -0.5 -0.4921875 -0.484375 -0.4765625 -0.46875 -0.4609375 
-0.453125 -0.4453125 -0.4375 -0.4296875 -0.421875 -0.4140625 -0.40625 
-0.3984375 -0.390625 -0.3828125 -0.375 -0.3671875 -0.359375 -0.3515625 
-0.34375 -0.3359375 -0.328125 -0.3203125 -0.3125 -0.3046875 -0.296875 
-0.2890625 -0.28125 -0.2734375 -0.265625 -0.2578125 -0.25 -0.2421875 
-0.234375 -0.2265625 -0.21875 -0.2109375 -0.203125 -0.1953125 -0.1875 
-0.1796875 -0.171875 -0.1640625 -0.15625 -0.1484375 -0.140625 -0.1328125 
-0.125 -0.1171875 -0.109375 -0.1015625 -0.09375 -0.0859375 -0.078125 
-0.0703125 -0.0625 -0.0546875 -0.046875 -0.0390625 -0.03125 -0.0234375 
-0.015625 -0.0078125 0 0.0078125 0.015625 0.0234375 0.03125 0.0390625 
0.046875 0.0546875 0.0625 0.0703125 0.078125 0.0859375 0.09375 0.1015625 
0.109375 0.1171875 0.125 0.1328125 0.140625 0.1484375 0.15625 0.1640625 
0.171875 0.1796875 0.1875 0.1953125 0.203125 0.2109375 0.21875 0.2265625 
0.234375 0.2421875 0.25 0.2578125 0.265625 0.2734375 0.28125 0.2890625 
0.296875 0.3046875 0.3125 0.3203125 0.328125 0.3359375 0.34375 0.3515625 
0.359375 0.3671875 0.375 0.3828125 0.390625 0.3984375 0.40625 0.4140625 
0.421875 0.4296875 0.4375 0.4453125 0.453125 0.4609375 0.46875 0.4765625 
0.484375 0.4921875 0.5 0.5078125 0.515625 0.5234375 0.53125 0.5390625 
0.546875 0.5546875 0.5625 0.5703125 0.578125 0.5859375 0.59375 0.6015625 
0.609375 0.6171875
##$PVM_EncGenSteps0=( 1 )
0
##$PVM_EncGenSteps1=( 160 )
-80 -79 -78 -77 -76 -75 -74 -73 -72 -71 -70 -69 -68 -67 -66 -65 -64 -63 -62 
-61 -60 -59 -58 -57 -56 -55 -54 -53 -52 -51 -50 -49 -48 -47 -46 -45 -44 -43 
-42 -41 -40 -39 -38 -37 -36 -35 -34 -33 -32 -31 -30 -29 -28 -27 -26 -25 -24 
-23 -22 -21 -20 -19 -18 -17 -16 -15 -14 -13 -12 -11 -10 -9 -8 -7 -6 -5 -4 -3 
-2 -1 0 1 2 3 4 5 6 7 8 9 10 11 12 13 14 15 16 17 18 19 20 21 22 23 24 25 26 
27 28 29 30 31 32 33 34 35 36 37 38 39 40 41 42 43 44 45 46 47 48 49 50 51 52 
53 54 55 56 57 58 59 60 61 62 63 64 65 66 67 68 69 70 71 72 73 74 75 76 77 78 
79
##$PVM_EncGenSteps2=( 160 )
0 0 0 0 0 0 0 0 0 0 0 0 0 0 0 0 0 0 0 0 0 0 0 0 0 0 0 0 0 0 0 0 0 0 0 0 0 0 0 
0 0 0 0 0 0 0 0 0 0 0 0 0 0 0 0 0 0 0 0 0 0 0 0 0 0 0 0 0 0 0 0 0 0 0 0 0 0 0 
0 0 0 0 0 0 0 0 0 0 0 0 0 0 0 0 0 0 0 0 0 0 0 0 0 0 0 0 0 0 0 0 0 0 0 0 0 0 0 
0 0 0 0 0 0 0 0 0 0 0 0 0 0 0 0 0 0 0 0 0 0 0 0 0 0 0 0 0 0 0 0 0 0 0 0 0 0 0 
0 0 0 0
##$PVM_EncGenValues1=( 160 )
-0.625 -0.6171875 -0.609375 -0.6015625 -0.59375 -0.5859375 -0.578125 
-0.5703125 -0.5625 -0.5546875 -0.546875 -0.5390625 -0.53125 -0.5234375 
-0.515625 -0.5078125 -0.5 -0.4921875 -0.484375 -0.4765625 -0.46875 -0.4609375 
-0.453125 -0.4453125 -0.4375 -0.4296875 -0.421875 -0.4140625 -0.40625 
-0.3984375 -0.390625 -0.3828125 -0.375 -0.3671875 -0.359375 -0.3515625 
-0.34375 -0.3359375 -0.328125 -0.3203125 -0.3125 -0.3046875 -0.296875 
-0.2890625 -0.28125 -0.2734375 -0.265625 -0.2578125 -0.25 -0.2421875 
-0.234375 -0.2265625 -0.21875 -0.2109375 -0.203125 -0.1953125 -0.1875 
-0.1796875 -0.171875 -0.1640625 -0.15625 -0.1484375 -0.140625 -0.1328125 
-0.125 -0.1171875 -0.109375 -0.1015625 -0.09375 -0.0859375 -0.078125 
-0.0703125 -0.0625 -0.0546875 -0.046875 -0.0390625 -0.03125 -0.0234375 
-0.015625 -0.0078125 0 0.0078125 0.015625 0.0234375 0.03125 0.0390625 
0.046875 0.0546875 0.0625 0.0703125 0.078125 0.0859375 0.09375 0.1015625 
0.109375 0.1171875 0.125 0.1328125 0.140625 0.1484375 0.15625 0.1640625 
0.171875 0.1796875 0.1875 0.1953125 0.203125 0.2109375 0.21875 0.2265625 
0.234375 0.2421875 0.25 0.2578125 0.265625 0.2734375 0.28125 0.2890625 
0.296875 0.3046875 0.3125 0.3203125 0.328125 0.3359375 0.34375 0.3515625 
0.359375 0.3671875 0.375 0.3828125 0.390625 0.3984375 0.40625 0.4140625 
0.421875 0.4296875 0.4375 0.4453125 0.453125 0.4609375 0.46875 0.4765625 
0.484375 0.4921875 0.5 0.5078125 0.515625 0.5234375 0.53125 0.5390625 
0.546875 0.5546875 0.5625 0.5703125 0.578125 0.5859375 0.59375 0.6015625 
0.609375 0.6171875
##$PVM_EncGenTotalSteps=160
##$PVM_EncGenLoopOuter=1
##$PVM_TriggerModule=Off
##$PVM_TriggerMode=per_PhaseStep
##$PVM_TriggerDelay=1
##$PVM_TriggerDur=0.01
##$PVM_TriggerModuleTime=0
##END=
$$ File finished by PARX at 2023-07-25 10:21:23.755 +0200
